cam0:
  cam_overlaps: [1]
  camera_model: pinhole
  distortion_coeffs: [-0.01378805419196066, 0.002278788473702715, 0.0007173277022338453, -0.006341399229805932]
  distortion_model: radtan
  intrinsics: [391.0320770550118, 387.9456433375324, 314.83224317528516, 243.05566306809567]
  resolution: [640, 480]
  rostopic: /infra_left
cam1:
  T_cn_cnm1:
  - [0.9999982915331912, -0.00031303784731164517, -0.0018217952711038997, -0.04972812293434749]
  - [0.0003167560316089834, 0.9999978669601184, 0.002041014658102277, -3.6665360162458345e-05]
  - [0.0018211524703070222, -0.002041588235736951, 0.9999962576535776, 0.0014231911875602474]
  - [0.0, 0.0, 0.0, 1.0]
  cam_overlaps: [0]
  camera_model: pinhole
  distortion_coeffs: [-0.004326382830568126, -0.008360676153607263, 0.00019896224536200172, -0.006517330768703903]
  distortion_model: radtan
  intrinsics: [390.92818900850614, 388.52174683212223, 316.74730795452746, 242.1032869823098]
  resolution: [640, 480]
  rostopic: /infra_right
